5
5.1978115398266365
4.079482892231477 3.972403750106849 4.484362708456329 4.1662846109307266 4.088712197581165
2.4700968985410663 4.785923974175381 2.1354233339995985 2.9111805404588287 3.5800508992875195

6
4.523953910218118
3.306378414309666 4.526285470239777 1.9498901220925453 2.9881966653561207 2.835386773713281 2.489678195161084
2.211890033826863 1.7927224196397633 1.5538313003088118 2.9420653172479225 1.3942652048132747 2.9004974854209933

7
4.210630643805166
1.1810422915150123 1.8828680465812107 3.5213359007319722 2.1115826576174443 2.396870276796784 3.301404480557976 2.447418921420262
2.2370943348155157 4.414659212000238 1.9343243214094317 3.411515015635391 3.8668650757784895 4.135239675814314 2.9077325342688654

8
5.020961178918659
4.901703574345256 1.1011695819260154 1.2409586486886055 1.1706244221977267 3.0769136568033644 4.202788941371217 3.2897992720400633 1.0998866183023894
2.9471531359976977 1.82479492201103 3.503360535346636 4.685350870011927 4.037160804923552 1.7540604296746607 1.7363879778432088 3.6978942259849554

9
7.869604396965482
3.559388244618615 4.665852247246237 1.8455113207641154 3.373098025198952 1.1316497981850926 3.109421746925976 4.829186242730365 4.041051580780268 4.923258381412303
4.987590461834111 4.436604410296309 3.031209801908838 4.605472932220286 3.336803559371415 4.453486178533215 2.4825802325796253 1.386725427448567 4.008396657448232

10
7.0991043156450315
3.172146151664601 3.331237026211012 2.961488490617914 2.791155295637104 4.477220761538332 1.0118547387860652 1.4114534031148458 3.4945714626316478 3.584882866323872 2.160407066054733
3.981169133740631 2.9139809361771145 4.0221121951929355 2.4161756772022134 4.963468883854324 3.513421402243295 1.9376094296964923 4.081912354844794 3.8523670288470644 3.8988338808582146

11
7.9817582063674095
4.885843361312256 1.9308000620492187 3.6624427075461083 2.3524429040012067 4.74477004292566 1.0502589914740246 2.9281060051281242 4.129840223627238 3.010897000989736 1.66835265375656 1.5632788726595068
1.5761813701914131 3.8887137726650987 2.4457164558993845 4.959809038761771 2.8499801755287697 1.4457554203680036 3.3013698715782933 2.141631340533858 4.066636646209858 2.3977529857581654 3.93830118734186

12
8.38159824431167
3.085349807229865 4.760008505527072 2.230332584750396 1.0506093529745635 3.715345133876065 2.9516936985544984 2.2424735776757085 3.0508353312118834 3.880854790894364 1.7712629024559137 2.168307741731347 2.619319550365002
2.420796622754053 2.7567685833681006 3.6765087470235605 4.03591581650895 2.3146085414908435 3.6311957262749535 2.0613026396421237 4.050094475668371 2.4326991633029413 4.151248206442262 4.200358062140678 1.4329476520736417

13
9.870901969570136
1.1433643062209105 4.460260760503196 3.588509342781107 3.83282312664079 3.038629740954643 4.337419062320105 2.0471722198734934 1.7516209886386962 4.900297458171197 3.897166746093429 1.551079452290319 2.793406623886836 2.14185804990582
3.366988066862752 1.364466739287209 2.4690581469435258 2.4274057571677425 1.7018196221682493 4.043626091303885 3.8394203751847797 4.259418688659478 4.5840950272775345 1.1674844937476414 1.596057176128301 1.4565102032266308 1.1852058122244387

14
9.942272024177145
1.3721137432899821 3.170631620462764 3.065823190353494 1.190364450582516 2.8308000767600956 3.3036284239374174 4.208813292506009 2.6285911280631797 3.3674478821395346 1.4477197082494233 2.6472700405708216 4.347646033247356 2.195136658449636 3.993101848096349
3.4930720394432946 4.063701877001387 3.9630292814297436 1.022122252118101 3.5182769668292524 3.8755833853872894 4.795658377107627 3.3816332840818983 4.060066420854653 2.345788277316246 4.415917159098671 4.3121045671175215 2.761672831680846 2.4169534001652275

15
11.435617127736311
1.845754560153396 1.2747782026899976 4.623510506962973 2.858170660840558 2.4534228240419096 3.773488510672916 1.9158723097327526 4.158947312055433 4.557976203214615 2.04401980594822 2.258282743880074 4.703819843720611 1.7023880594736478 3.189750080156634 4.382286887401501
4.086234046200483 3.75318555021326 1.3990497736549368 1.0689468275251386 2.9699432519506015 1.2078409192711108 1.415738417237634 3.828386501557558 1.6842366215501463 4.464658095773211 1.5978645546893828 4.291209303846683 3.2943965456557835 4.61078512603257 2.7736114429384084

16
11.111451608989489
3.5151087803154892 3.6759200625445487 2.7923595118212368 1.3364846107494852 2.7287251807363324 2.2353138033089057 2.4935799167712043 3.5321012871874573 3.538878680158137 4.643290557411196 1.4156379580492584 3.1301092964979023 3.3304611810728457 2.3487296773784863 1.0692265076513112 2.65987942430416
3.9356779767338494 2.53844707696221 4.67894668398403 1.0400009293781425 3.643520979968644 3.2933568366036607 2.026876871047612 2.6716112528759224 2.288725386583148 1.1594972679151936 4.748931103185487 4.500160213969373 1.514180617928655 1.798786136378212 2.6602053695927994 1.5265734668034585

17
12.543954366633828
4.044239052259762 3.7217615924761023 3.7973079708966866 3.8834771773664456 1.4611728173070122 2.7191521246317576 3.01112931337813 2.2185610225391814 4.267024846016743 3.892778618011955 3.0777258314191362 1.3360729891318996 1.4077872114362813 2.5333865527314106 1.7656794918804355 3.348686873149393 3.6898739819029918
4.537311261975921 4.00010688203053 1.6077792376516258 3.9189239417865176 2.4978207769088137 2.3329393712841644 4.8945959226419795 1.0564187031945873 2.209621119922686 4.752614544090449 2.0200640016766522 1.7427797712466888 2.320048677670418 1.9742900480829677 3.8049263330013723 1.530434424740327 4.397638915181855

18
12.875673881684849
4.247670881248773 2.089201137365016 1.8019225322807024 1.5401855186309392 4.025473235083162 4.414680549991695 1.7525196066581188 1.145124866984585 4.4239620145650225 4.8972436534935575 1.501568737770735 3.038048298689217 3.2576561478428445 4.341200702199708 3.228283695539721 2.5882612884614864 2.1754341689522434 1.0342584909818613
4.111739333227629 4.602601268257935 4.966783977730757 1.0162445706432721 3.364767811452497 4.058802879736753 2.4128315289929816 2.4732763462631167 4.841309550306491 4.45366038719186 4.9651882905520015 3.330983706212617 1.9225238160123097 2.7988733421179113 3.4993161214976825 1.3368684756564573 1.9788708814994918 1.3704018514638978

19
16.35606001559084
1.0864868489381152 4.488229452481406 4.145194709891413 4.472995300944499 2.233341018113179 1.9792073465975646 4.225371059090254 1.4904522786778291 4.058983168219177 4.699762204743779 4.255771432119477 3.3474596881444345 1.5938947731570616 4.826956866325723 3.9093733223144334 3.628602973084274 3.337377895958793 3.4070114935812126 4.237768229980736
4.438496579453924 1.4428752577471093 3.9395442943669425 1.909417158825026 1.9060646344369205 3.963474723609986 4.371821522085391 3.142745061672972 3.1492025448193743 1.1025887670466998 1.7033384323536978 1.0611181467364013 4.881024161273584 4.7018657916973705 4.602567367328806 3.0556135498548214 1.1873608467945442 1.9107881390639014 4.595825817263698

