5
67
18 47 20 9 39
7 4 17 19 3
[1. 0. 1. 1. 0.]
43.0

5
92
34 46 20 45 3
6 6 10 2 14
[1. 0. 1. 0. 1.]
30.0

5
82
28 21 7 48 47
3 19 1 15 18
[0. 1. 1. 0. 1.]
38.0

5
18
27 18 11 32 47
10 4 12 4 1
[0. 0. 1. 0. 0.]
12.0

5
42
36 41 1 46 40
17 6 1 10 8
[1. 0. 1. 0. 0.]
18.0

5
44
42 24 41 28 31
16 15 12 19 1
[0. 0. 0. 1. 0.]
19.0

5
92
10 37 24 25 41
1 6 19 9 1
[0. 1. 1. 1. 0.]
34.0

5
63
22 30 16 18 37
10 16 16 17 12
[1. 0. 1. 1. 0.]
43.0

5
86
40 35 24 28 27
19 13 16 3 2
[1. 0. 1. 0. 0.]
35.0

5
86
4 4 21 23 38
18 11 18 1 18
[1. 1. 1. 0. 1.]
65.0

5
58
29 28 46 37 15
2 3 3 1 5
[0. 1. 0. 0. 1.]
8.0

5
36
26 14 6 34 1
18 7 17 3 9
[1. 0. 1. 0. 1.]
44.0

5
76
42 47 37 13 15
6 10 16 8 18
[0. 0. 1. 1. 1.]
42.0

5
83
16 24 29 22 5
10 6 13 8 8
[1. 0. 1. 1. 1.]
39.0

5
95
20 2 17 14 2
1 4 8 9 5
[1. 1. 1. 1. 1.]
27.0

5
73
21 9 9 8 6
5 2 9 7 6
[1. 1. 1. 1. 1.]
29.0

5
85
48 41 21 29 16
11 9 5 1 7
[1. 0. 1. 0. 1.]
23.0

5
30
16 1 11 1 1
8 3 6 6 12
[1. 1. 1. 1. 1.]
35.0

5
61
18 26 4 22 35
13 14 1 14 3
[0. 1. 1. 1. 0.]
29.0

5
45
24 41 22 18 26
2 11 3 11 5
[0. 0. 0. 1. 1.]
16.0

5
73
18 2 19 19 28
9 15 7 3 7
[1. 1. 1. 0. 1.]
38.0

5
38
41 33 4 23 38
17 4 2 12 17
[0. 0. 0. 0. 1.]
17.0

5
66
6 29 39 10 36
14 2 3 12 17
[1. 0. 0. 1. 1.]
43.0

5
15
25 38 49 33 11
11 15 5 13 1
[0. 0. 0. 0. 1.]
1.0

5
72
14 24 9 47 17
9 9 18 17 10
[1. 1. 1. 0. 1.]
46.0

5
60
2 39 30 6 20
13 14 1 10 15
[1. 0. 1. 1. 1.]
39.0

5
37
19 25 1 35 22
18 3 8 2 4
[1. 0. 1. 0. 0.]
26.0

5
79
29 47 43 30 43
1 9 17 6 4
[0. 0. 1. 1. 0.]
23.0

5
72
42 27 11 42 15
5 1 1 8 5
[0. 0. 1. 1. 1.]
14.0

5
49
4 10 42 24 12
4 9 3 17 17
[0. 1. 0. 1. 1.]
43.0

5
21
20 26 46 22 48
17 9 11 14 3
[1. 0. 0. 0. 0.]
17.0

5
52
17 10 17 2 14
12 19 4 15 7
[1. 1. 0. 1. 1.]
53.0

5
49
31 5 49 13 49
6 11 15 14 4
[1. 1. 0. 1. 0.]
31.0

5
18
31 5 14 3 12
9 8 14 12 8
[0. 0. 1. 1. 0.]
26.0

5
24
39 42 32 38 29
2 7 7 12 11

0.0

5
35
27 42 47 47 27
15 15 7 19 19
[0. 0. 0. 0. 1.]
19.0

5
43
15 40 8 32 21
8 8 13 12 9
[0. 0. 1. 1. 0.]
25.0

5
55
8 29 23 10 44
6 7 1 18 12
[1. 1. 0. 1. 0.]
31.0

5
91
43 3 49 41 27
1 12 15 17 5
[0. 1. 0. 1. 1.]
34.0

5
74
8 8 32 37 40
14 17 3 14 10
[1. 1. 0. 1. 0.]
45.0

5
78
28 9 48 35 34
12 1 3 15 13
[0. 1. 0. 1. 1.]
29.0

5
39
33 4 19 13 26
2 19 9 11 19
[0. 1. 1. 1. 0.]
39.0

5
16
40 44 29 30 36
18 11 8 8 7

0.0

5
15
15 20 3 11 28
10 11 5 5 2
[1. 0. 0. 0. 0.]
10.0

5
50
38 16 45 28 28
6 13 2 19 12
[0. 1. 0. 1. 0.]
32.0

5
91
32 22 27 18 42
13 16 13 12 8
[1. 1. 1. 0. 0.]
42.0

5
79
42 49 21 42 1
11 3 1 16 16
[0. 0. 1. 1. 1.]
33.0

5
70
15 18 17 45 36
19 6 5 3 14
[1. 1. 0. 0. 1.]
39.0

5
90
16 47 27 47 48
13 7 14 19 8
[1. 0. 1. 1. 0.]
46.0

5
93
5 19 42 34 43
4 18 9 8 17
[1. 1. 0. 0. 1.]
39.0

5
46
38 25 24 15 28
5 19 4 19 12
[0. 1. 0. 1. 0.]
38.0

5
16
45 1 17 9 36
4 12 19 10 13
[0. 1. 0. 1. 0.]
22.0

5
95
29 17 23 16 8
3 16 14 18 18
[1. 1. 1. 1. 1.]
69.0

5
49
44 20 3 14 17
13 15 16 13 16
[0. 1. 1. 0. 1.]
47.0

5
84
48 1 6 22 31
5 10 7 5 8
[0. 1. 1. 1. 1.]
30.0

5
23
10 39 39 42 19
12 1 16 4 12
[1. 0. 0. 0. 0.]
12.0

5
39
30 17 1 6 32
10 3 19 12 5
[1. 0. 1. 1. 0.]
41.0

5
56
45 1 46 25 23
18 18 19 14 10
[0. 1. 0. 1. 1.]
42.0

5
28
8 27 5 17 35
5 9 2 9 9
[1. 0. 0. 1. 0.]
14.0

5
95
15 20 4 49 20
18 16 12 17 12
[1. 1. 1. 1. 0.]
63.0

5
37
34 13 21 17 28
10 1 4 11 9
[0. 1. 0. 1. 0.]
12.0

5
71
36 12 13 4 31
7 15 3 10 14
[0. 1. 1. 1. 1.]
42.0

5
93
13 47 49 42 43
11 6 10 5 2
[1. 0. 1. 0. 0.]
21.0

5
75
49 44 42 6 17
18 1 10 6 11
[1. 0. 0. 1. 1.]
35.0

5
68
17 23 16 42 1
12 9 2 5 15
[1. 1. 1. 0. 1.]
38.0

5
95
43 4 16 36 18
13 18 12 17 15
[0. 1. 1. 1. 1.]
62.0

5
94
5 39 22 16 35
4 3 11 8 6
[1. 0. 1. 1. 1.]
29.0

5
23
14 47 31 7 44
6 7 8 1 8
[1. 0. 0. 1. 0.]
7.0

5
94
49 14 28 17 19
9 14 9 9 10
[0. 1. 1. 1. 1.]
42.0

5
51
36 45 10 35 47
18 11 16 13 9
[1. 0. 1. 0. 0.]
34.0

5
74
22 29 5 34 25
12 4 11 16 8
[1. 0. 1. 1. 0.]
39.0

5
83
5 25 7 39 9
3 7 8 11 3
[1. 1. 1. 1. 0.]
29.0

5
45
36 16 43 39 35
9 11 15 17 15
[0. 0. 0. 1. 0.]
17.0

5
66
38 20 9 35 12
6 15 1 16 12
[0. 1. 1. 1. 0.]
32.0

5
33
17 15 27 34 23
17 11 15 1 5
[1. 1. 0. 0. 0.]
28.0

5
22
3 23 34 34 5
4 12 6 10 10
[1. 0. 0. 0. 1.]
14.0

5
39
5 21 48 31 42
6 2 11 13 1
[1. 0. 0. 1. 0.]
19.0

