300
61500.0
408.0 921.0 1329.0 11.0 998.0 1009.0 104.0 839.0 943.0 299.0 374.0 673.0 703.0 954.0 1657.0 425.0 950.0 1375.0 430.0 541.0 971.0 332.0 483.0 815.0 654.0 706.0 1360.0 956.0 992.0 1948.0 228.0 435.0 663.0 575.0 687.0 1262.0 470.0 609.0 1079.0 696.0 907.0 1603.0 273.0 961.0 1234.0 281.0 461.0 742.0 54.0 957.0 1011.0 149.0 258.0 407.0 28.0 90.0 118.0 245.0 949.0 1194.0 246.0 298.0 544.0 205.0 546.0 751.0 33.0 712.0 745.0 335.0 956.0 1291.0 163.0 918.0 1081.0 79.0 671.0 750.0 972.0 991.0 1963.0 217.0 962.0 1179.0 380.0 846.0 1226.0 158.0 671.0 829.0 39.0 701.0 740.0 258.0 577.0 835.0 5.0 682.0 687.0 300.0 364.0 664.0 105.0 946.0 1051.0 68.0 675.0 743.0 450.0 465.0 915.0 686.0 697.0 1383.0 355.0 367.0 722.0 106.0 131.0 237.0 296.0 868.0 1164.0 621.0 807.0 1428.0 283.0 428.0 711.0 230.0 573.0 803.0 359.0 772.0 1131.0 270.0 642.0 912.0 134.0 507.0 641.0 21.0 242.0 263.0 236.0 705.0 941.0 469.0 785.0 1254.0 196.0 349.0 545.0 405.0 985.0 1390.0 865.0 988.0 1853.0 355.0 405.0 760.0 460.0 939.0 1399.0 142.0 408.0 550.0 291.0 436.0 727.0 644.0 922.0 1566.0 432.0 890.0 1322.0 352.0 885.0 1237.0 139.0 269.0 408.0 10.0 137.0 147.0 593.0 601.0 1194.0 724.0 764.0 1488.0 672.0 900.0 1572.0 892.0 981.0 1873.0 597.0 641.0 1238.0 810.0 996.0 1806.0 459.0 816.0 1275.0 416.0 872.0 1288.0 310.0 945.0 1255.0 283.0 674.0 957.0 180.0 697.0 877.0 112.0 629.0 741.0 559.0 869.0 1428.0 79.0 802.0 881.0 164.0 192.0 356.0 323.0 340.0 663.0 333.0 464.0 797.0 472.0 496.0 968.0 234.0 914.0 1148.0 285.0 691.0 976.0 401.0 513.0 914.0 599.0 755.0 1354.0 391.0 928.0 1319.0 244.0 502.0 746.0 541.0 837.0 1378.0 208.0 970.0 1178.0 107.0 449.0 556.0 705.0 887.0 1592.0 468.0 802.0 1270.0 444.0 683.0 1127.0 222.0 958.0 1180.0 18.0 24.0 42.0 153.0 540.0 693.0 54.0 633.0 687.0 853.0 903.0 1756.0 399.0 452.0 851.0 108.0 161.0 269.0 328.0 431.0 759.0
508.0 1021.0 1321.0 111.0 1098.0 1196.0 204.0 939.0 1107.0 399.0 474.0 719.0 803.0 1054.0 1781.0 525.0 1050.0 1362.0 530.0 641.0 903.0 432.0 583.0 894.0 754.0 806.0 1241.0 1056.0 1092.0 1545.0 328.0 535.0 579.0 675.0 787.0 1037.0 570.0 709.0 1171.0 796.0 1007.0 1251.0 373.0 1061.0 1101.0 381.0 561.0 774.0 154.0 1057.0 1198.0 249.0 358.0 446.0 128.0 190.0 288.0 345.0 1049.0 1053.0 346.0 398.0 622.0 305.0 646.0 930.0 133.0 812.0 892.0 435.0 1056.0 1406.0 263.0 1018.0 1192.0 179.0 771.0 802.0 1072.0 1091.0 1418.0 317.0 1062.0 1092.0 480.0 946.0 1064.0 258.0 771.0 846.0 139.0 801.0 888.0 358.0 677.0 679.0 105.0 782.0 862.0 400.0 464.0 747.0 205.0 1046.0 1133.0 168.0 775.0 839.0 550.0 565.0 727.0 786.0 797.0 1098.0 455.0 467.0 623.0 206.0 231.0 232.0 396.0 968.0 1064.0 721.0 907.0 1406.0 383.0 528.0 636.0 330.0 673.0 719.0 459.0 872.0 1316.0 370.0 742.0 846.0 234.0 607.0 737.0 121.0 342.0 372.0 336.0 805.0 1090.0 569.0 885.0 1245.0 296.0 449.0 729.0 505.0 1085.0 1364.0 965.0 1088.0 1510.0 455.0 505.0 758.0 560.0 1039.0 1363.0 242.0 508.0 642.0 391.0 536.0 855.0 744.0 1022.0 1231.0 532.0 990.0 992.0 452.0 985.0 1021.0 239.0 369.0 450.0 110.0 237.0 264.0 693.0 701.0 1176.0 824.0 864.0 1288.0 772.0 1000.0 1062.0 992.0 1081.0 1395.0 697.0 741.0 899.0 910.0 1096.0 1919.0 559.0 916.0 1296.0 516.0 972.0 1077.0 410.0 1045.0 1302.0 383.0 774.0 809.0 280.0 797.0 927.0 212.0 729.0 923.0 659.0 969.0 1065.0 179.0 902.0 1010.0 264.0 292.0 441.0 423.0 440.0 450.0 433.0 564.0 826.0 572.0 596.0 1057.0 334.0 1014.0 1148.0 385.0 791.0 1019.0 501.0 613.0 625.0 699.0 855.0 1289.0 491.0 1028.0 1381.0 344.0 602.0 609.0 641.0 937.0 1311.0 308.0 1070.0 1215.0 207.0 549.0 592.0 805.0 987.0 1133.0 568.0 902.0 952.0 544.0 783.0 1111.0 322.0 1058.0 1106.0 118.0 124.0 206.0 253.0 640.0 756.0 154.0 733.0 879.0 953.0 1003.0 1510.0 499.0 552.0 883.0 208.0 261.0 437.0 428.0 531.0 728.0
[1. 1. 0. 1. 0. 0. 1. 1. 1. 1. 1. 0. 0. 1. 0. 1. 0. 0. 1. 1. 0. 1. 1. 0. 0. 1. 0. 0. 0. 0. 1. 0. 0. 1. 1. 0. 1. 0. 0. 0. 0. 0. 1. 0. 0. 1. 0. 0. 1. 0. 1. 1. 1. 0. 1. 1. 1. 1. 0. 0. 1. 1. 0. 1. 1. 1. 1. 1. 1. 1. 0. 0. 1. 1. 0. 1. 1. 0. 0. 0. 0. 1. 0. 0. 1. 1. 0. 1. 0. 0. 1. 0. 0. 1. 1. 0. 1. 1. 1. 1. 1. 0. 1. 1. 0. 1. 1. 1. 1. 0. 0. 0. 1. 0. 1. 1. 0. 1. 1. 0. 1. 1. 0. 0. 0. 0. 1. 1. 0. 1. 0. 0. 1. 0. 0. 1. 1. 0. 1. 1. 1. 1. 1. 1. 1. 0. 1. 1. 1. 0. 1. 1. 1. 1. 0. 0. 1. 0. 0. 1. 1. 0. 0. 0. 0. 1. 1. 1. 1. 1. 0. 0. 1. 0. 1. 0. 0. 1. 0. 0. 1. 1. 0. 1. 1. 1. 1. 1. 0. 0. 1. 0. 0. 1. 0. 1. 0. 0. 0. 1. 0. 0. 0. 0. 0. 0. 0. 0. 0. 0. 1. 1. 0. 1. 0. 0. 1. 0. 0. 1. 0. 0. 0. 0. 0. 1. 0. 0. 1. 1. 0. 1. 1. 0. 1. 0. 0. 1. 1. 0. 1. 0. 0. 1. 0. 0. 1. 0. 0. 0. 0. 0. 1. 0. 0. 1. 0. 0. 0. 1. 0. 1. 0. 0. 1. 0. 0. 1. 1. 0. 0. 0. 0. 0. 1. 0. 1. 0. 0. 1. 1. 1. 1. 1. 0. 1. 1. 1. 1. 1. 0. 1. 0. 0. 1. 1. 1. 1. 1. 0.]
77281.0
9.571133375167847

300
60143.0
125.0 821.0 946.0 359.0 987.0 1346.0 258.0 763.0 1021.0 107.0 622.0 729.0 474.0 744.0 1218.0 150.0 490.0 640.0 260.0 497.0 757.0 225.0 490.0 715.0 563.0 658.0 1221.0 1003.0 1007.0 2010.0 341.0 594.0 935.0 316.0 441.0 757.0 653.0 898.0 1551.0 243.0 817.0 1060.0 457.0 895.0 1352.0 709.0 852.0 1561.0 561.0 604.0 1165.0 348.0 511.0 859.0 541.0 915.0 1456.0 156.0 1067.0 1223.0 666.0 777.0 1443.0 799.0 972.0 1771.0 572.0 807.0 1379.0 1015.0 1055.0 2070.0 531.0 745.0 1276.0 567.0 638.0 1205.0 280.0 966.0 1246.0 608.0 864.0 1472.0 483.0 1095.0 1578.0 172.0 534.0 706.0 693.0 1040.0 1733.0 162.0 990.0 1152.0 645.0 1029.0 1674.0 522.0 991.0 1513.0 942.0 958.0 1900.0 270.0 323.0 593.0 252.0 563.0 815.0 192.0 999.0 1191.0 831.0 856.0 1687.0 326.0 389.0 715.0 200.0 275.0 475.0 365.0 761.0 1126.0 357.0 516.0 873.0 466.0 966.0 1432.0 677.0 1067.0 1744.0 131.0 864.0 995.0 413.0 956.0 1369.0 573.0 875.0 1448.0 331.0 454.0 785.0 126.0 286.0 412.0 477.0 653.0 1130.0 304.0 863.0 1167.0 809.0 981.0 1790.0 366.0 964.0 1330.0 152.0 886.0 1038.0 240.0 413.0 653.0 927.0 998.0 1925.0 151.0 684.0 835.0 270.0 777.0 1047.0 134.0 1002.0 1136.0 541.0 794.0 1335.0 395.0 1052.0 1447.0 270.0 527.0 797.0 247.0 1083.0 1330.0 326.0 999.0 1325.0 201.0 342.0 543.0 190.0 567.0 757.0 568.0 573.0 1141.0 588.0 883.0 1471.0 876.0 920.0 1796.0 270.0 887.0 1157.0 552.0 704.0 1256.0 129.0 161.0 290.0 427.0 579.0 1006.0 914.0 937.0 1851.0 310.0 484.0 794.0 770.0 851.0 1621.0 245.0 790.0 1035.0 273.0 320.0 593.0 171.0 471.0 642.0 328.0 642.0 970.0 698.0 885.0 1583.0 728.0 1025.0 1753.0 637.0 840.0 1477.0 564.0 1005.0 1569.0 216.0 573.0 789.0 145.0 688.0 833.0 703.0 744.0 1447.0 299.0 897.0 1196.0 876.0 956.0 1832.0 488.0 548.0 1036.0 322.0 606.0 928.0 494.0 496.0 990.0 413.0 993.0 1406.0 691.0 761.0 1452.0 915.0 969.0 1884.0 376.0 864.0 1240.0 193.0 457.0 650.0 341.0 741.0 1082.0 370.0 497.0 867.0
25.0 721.0 725.0 259.0 887.0 934.0 158.0 663.0 777.0 7.0 522.0 528.0 374.0 644.0 664.0 50.0 390.0 410.0 160.0 397.0 549.0 125.0 390.0 478.0 463.0 558.0 630.0 903.0 907.0 976.0 241.0 494.0 714.0 216.0 341.0 365.0 553.0 798.0 1265.0 143.0 717.0 791.0 357.0 795.0 970.0 609.0 752.0 862.0 461.0 504.0 926.0 248.0 411.0 583.0 441.0 815.0 1017.0 56.0 967.0 1013.0 566.0 677.0 715.0 699.0 872.0 1203.0 472.0 707.0 860.0 915.0 955.0 1156.0 431.0 645.0 902.0 467.0 538.0 911.0 180.0 866.0 1017.0 508.0 764.0 833.0 383.0 995.0 1302.0 72.0 434.0 483.0 593.0 940.0 1431.0 62.0 890.0 893.0 545.0 929.0 1371.0 422.0 891.0 1217.0 842.0 858.0 1419.0 170.0 223.0 365.0 152.0 463.0 464.0 92.0 899.0 910.0 731.0 756.0 892.0 226.0 289.0 369.0 100.0 175.0 262.0 265.0 661.0 672.0 257.0 416.0 426.0 366.0 866.0 1166.0 577.0 967.0 1093.0 31.0 764.0 788.0 313.0 856.0 921.0 473.0 775.0 1096.0 231.0 354.0 359.0 26.0 186.0 202.0 377.0 553.0 921.0 204.0 763.0 825.0 709.0 881.0 1053.0 266.0 864.0 869.0 52.0 786.0 787.0 140.0 313.0 400.0 827.0 898.0 1561.0 51.0 584.0 591.0 170.0 677.0 746.0 34.0 902.0 917.0 441.0 694.0 775.0 295.0 952.0 964.0 170.0 427.0 564.0 147.0 983.0 1032.0 226.0 899.0 1108.0 101.0 242.0 260.0 90.0 467.0 501.0 468.0 473.0 693.0 488.0 783.0 803.0 776.0 820.0 1018.0 170.0 787.0 878.0 452.0 604.0 1020.0 29.0 61.0 65.0 327.0 479.0 610.0 814.0 837.0 1314.0 210.0 384.0 500.0 670.0 751.0 1408.0 145.0 690.0 797.0 173.0 220.0 385.0 71.0 371.0 385.0 228.0 542.0 694.0 598.0 785.0 1138.0 628.0 925.0 1130.0 537.0 740.0 1023.0 464.0 905.0 946.0 116.0 473.0 587.0 45.0 588.0 598.0 603.0 644.0 1112.0 199.0 797.0 813.0 776.0 856.0 1019.0 388.0 448.0 612.0 222.0 506.0 537.0 394.0 396.0 558.0 313.0 893.0 1058.0 591.0 661.0 831.0 815.0 869.0 1613.0 276.0 764.0 809.0 93.0 357.0 394.0 241.0 641.0 675.0 270.0 397.0 439.0
[0. 0. 0. 0. 1. 0. 0. 0. 0. 0. 1. 0. 0. 1. 0. 0. 0. 0. 0. 0. 0. 0. 0. 0. 0. 0. 0. 1. 1. 0. 0. 0. 0. 0. 0. 0. 0. 1. 0. 0. 1. 0. 0. 1. 0. 0. 1. 0. 0. 0. 0. 0. 0. 0. 0. 1. 0. 0. 1. 1. 1. 0. 0. 0. 1. 0. 1. 0. 0. 1. 1. 0. 0. 1. 0. 1. 0. 0. 0. 1. 0. 0. 1. 0. 0. 1. 1. 0. 0. 0. 0. 1. 0. 0. 1. 0. 0. 1. 1. 0. 1. 0. 1. 0. 0. 0. 0. 0. 0. 1. 0. 0. 1. 0. 0. 1. 0. 0. 0. 0. 0. 0. 0. 0. 0. 0. 0. 0. 0. 0. 1. 0. 0. 1. 0. 0. 1. 0. 0. 0. 0. 0. 1. 0. 0. 0. 0. 0. 0. 0. 0. 1. 0. 0. 0. 0. 1. 1. 0. 0. 1. 0. 0. 1. 0. 0. 0. 0. 0. 1. 0. 0. 1. 0. 0. 0. 0. 0. 1. 0. 0. 0. 0. 0. 1. 0. 0. 0. 0. 0. 1. 0. 0. 1. 1. 0. 0. 0. 0. 0. 0. 1. 0. 0. 1. 0. 0. 0. 0. 0. 0. 0. 0. 0. 0. 0. 0. 0. 0. 0. 0. 0. 1. 0. 0. 0. 0. 0. 0. 1. 0. 0. 1. 0. 0. 0. 0. 0. 0. 0. 0. 0. 0. 0. 1. 0. 1. 1. 0. 1. 0. 0. 1. 1. 0. 0. 0. 0. 0. 1. 0. 0. 0. 0. 0. 0. 0. 0. 1. 0. 0. 0. 0. 0. 0. 0. 0. 0. 0. 0. 1. 0. 0. 1. 0. 1. 1. 0. 0. 1. 0. 0. 0. 0. 0. 0. 0. 0. 0. 0.]
52912.0
9.0893235206604

300
56429.0
302.0 552.0 854.0 238.0 1000.0 1238.0 168.0 673.0 841.0 455.0 539.0 994.0 521.0 562.0 1083.0 437.0 584.0 1021.0 195.0 852.0 1047.0 119.0 534.0 653.0 777.0 844.0 1621.0 227.0 704.0 931.0 86.0 920.0 1006.0 497.0 734.0 1231.0 2.0 281.0 283.0 351.0 668.0 1019.0 165.0 281.0 446.0 808.0 811.0 1619.0 454.0 538.0 992.0 168.0 300.0 468.0 68.0 938.0 1006.0 500.0 966.0 1466.0 405.0 602.0 1007.0 75.0 743.0 818.0 286.0 631.0 917.0 57.0 688.0 745.0 379.0 603.0 982.0 655.0 902.0 1557.0 49.0 186.0 235.0 577.0 776.0 1353.0 310.0 863.0 1173.0 103.0 299.0 402.0 766.0 923.0 1689.0 558.0 699.0 1257.0 45.0 239.0 284.0 337.0 702.0 1039.0 403.0 658.0 1061.0 419.0 554.0 973.0 14.0 572.0 586.0 736.0 985.0 1721.0 8.0 665.0 673.0 123.0 252.0 375.0 481.0 600.0 1081.0 295.0 632.0 927.0 285.0 540.0 825.0 49.0 430.0 479.0 58.0 547.0 605.0 363.0 906.0 1269.0 84.0 893.0 977.0 192.0 848.0 1040.0 726.0 820.0 1546.0 488.0 657.0 1145.0 476.0 874.0 1350.0 112.0 836.0 948.0 566.0 759.0 1325.0 446.0 748.0 1194.0 302.0 332.0 634.0 740.0 840.0 1580.0 84.0 875.0 959.0 598.0 655.0 1253.0 561.0 648.0 1209.0 307.0 438.0 745.0 377.0 397.0 774.0 36.0 541.0 577.0 531.0 868.0 1399.0 273.0 383.0 656.0 847.0 893.0 1740.0 353.0 752.0 1105.0 17.0 359.0 376.0 196.0 283.0 479.0 108.0 228.0 336.0 288.0 710.0 998.0 271.0 993.0 1264.0 222.0 476.0 698.0 84.0 948.0 1032.0 577.0 851.0 1428.0 465.0 961.0 1426.0 225.0 432.0 657.0 519.0 959.0 1478.0 34.0 318.0 352.0 45.0 213.0 258.0 581.0 739.0 1320.0 763.0 975.0 1738.0 618.0 846.0 1464.0 169.0 315.0 484.0 219.0 659.0 878.0 532.0 877.0 1409.0 728.0 924.0 1652.0 257.0 610.0 867.0 825.0 999.0 1824.0 202.0 660.0 862.0 620.0 867.0 1487.0 626.0 802.0 1428.0 118.0 519.0 637.0 200.0 302.0 502.0 63.0 545.0 608.0 91.0 143.0 234.0 341.0 435.0 776.0 610.0 944.0 1554.0 134.0 696.0 830.0 53.0 180.0 233.0 98.0 425.0 523.0
731.0 752.0 1323.0 255.0 365.0 566.0 284.0 512.0 719.0 328.0 665.0 729.0 430.0 942.0 1194.0 341.0 758.0 996.0 65.0 618.0 651.0 505.0 777.0 949.0 591.0 961.0 1336.0 249.0 412.0 450.0 122.0 686.0 802.0 256.0 459.0 592.0 896.0 938.0 1706.0 219.0 289.0 476.0 915.0 926.0 1557.0 721.0 881.0 940.0 542.0 676.0 1015.0 593.0 722.0 1070.0 728.0 821.0 873.0 548.0 614.0 835.0 584.0 791.0 871.0 317.0 917.0 921.0 221.0 668.0 790.0 841.0 853.0 1479.0 4.0 812.0 813.0 458.0 654.0 741.0 469.0 686.0 772.0 598.0 612.0 1206.0 90.0 120.0 203.0 594.0 732.0 924.0 260.0 536.0 650.0 525.0 588.0 714.0 468.0 621.0 1058.0 258.0 587.0 625.0 446.0 932.0 936.0 335.0 631.0 962.0 256.0 906.0 928.0 145.0 445.0 458.0 487.0 964.0 1051.0 411.0 621.0 647.0 118.0 333.0 427.0 346.0 801.0 1146.0 330.0 688.0 822.0 178.0 341.0 359.0 452.0 647.0 696.0 175.0 201.0 331.0 274.0 361.0 541.0 668.0 958.0 1538.0 881.0 946.0 1804.0 352.0 511.0 655.0 7.0 227.0 230.0 13.0 187.0 193.0 44.0 213.0 254.0 681.0 927.0 1480.0 126.0 593.0 666.0 211.0 788.0 802.0 677.0 767.0 1134.0 16.0 275.0 280.0 83.0 479.0 495.0 448.0 762.0 768.0 115.0 123.0 161.0 504.0 668.0 881.0 201.0 285.0 407.0 267.0 320.0 351.0 651.0 683.0 998.0 331.0 856.0 892.0 68.0 569.0 570.0 46.0 161.0 187.0 264.0 613.0 646.0 239.0 420.0 534.0 399.0 747.0 1000.0 12.0 847.0 848.0 613.0 822.0 1082.0 373.0 758.0 785.0 689.0 849.0 1528.0 759.0 830.0 1477.0 853.0 964.0 1522.0 154.0 766.0 900.0 458.0 482.0 680.0 97.0 939.0 967.0 316.0 627.0 939.0 239.0 462.0 616.0 390.0 677.0 796.0 565.0 898.0 1454.0 449.0 883.0 899.0 454.0 895.0 1085.0 387.0 887.0 1107.0 46.0 241.0 266.0 59.0 74.0 116.0 429.0 911.0 1142.0 457.0 842.0 1218.0 429.0 753.0 1120.0 54.0 739.0 790.0 122.0 732.0 792.0 629.0 764.0 925.0 494.0 776.0 1066.0 24.0 677.0 678.0 53.0 598.0 627.0 56.0 90.0 129.0 338.0 992.0 1304.0
[1. 1. 1. 1. 0. 0. 1. 0. 0. 0. 0. 0. 1. 1. 0. 0. 0. 1. 0. 0. 0. 1. 1. 1. 0. 1. 1. 1. 0. 0. 1. 0. 0. 0. 0. 0. 1. 1. 1. 0. 0. 0. 1. 1. 1. 0. 0. 0. 1. 0. 0. 1. 1. 1. 1. 0. 1. 0. 0. 0. 1. 0. 1. 1. 0. 0. 0. 0. 0. 1. 0. 1. 0. 0. 1. 0. 0. 0. 1. 1. 1. 0. 0. 0. 0. 0. 0. 1. 1. 1. 0. 0. 0. 0. 0. 0. 1. 1. 1. 0. 0. 0. 0. 1. 0. 0. 1. 0. 1. 1. 1. 0. 0. 0. 1. 1. 1. 1. 1. 1. 0. 0. 0. 1. 1. 0. 1. 0. 0. 1. 0. 0. 1. 1. 0. 0. 0. 0. 1. 0. 0. 1. 1. 1. 0. 0. 1. 0. 0. 0. 0. 0. 0. 0. 0. 0. 0. 0. 0. 1. 0. 0. 0. 1. 0. 0. 0. 0. 1. 1. 0. 0. 0. 0. 0. 0. 0. 1. 1. 0. 0. 0. 0. 1. 0. 1. 0. 0. 0. 1. 1. 0. 0. 0. 0. 1. 1. 0. 1. 1. 1. 0. 0. 0. 1. 1. 1. 0. 0. 0. 1. 0. 0. 0. 1. 1. 1. 0. 0. 0. 1. 0. 1. 0. 1. 1. 1. 1. 1. 0. 0. 1. 1. 1. 1. 1. 1. 0. 0. 0. 0. 0. 0. 0. 0. 0. 1. 1. 1. 1. 0. 1. 1. 1. 0. 0. 0. 0. 1. 1. 1. 0. 0. 0. 0. 0. 0. 0. 1. 0. 0. 1. 1. 1. 1. 1. 0. 1. 1. 1. 1. 1. 1. 1. 1. 1. 1. 1. 0. 0. 0. 0. 1. 0. 1. 0. 0. 1. 1. 1.]
95980.0
8.833410024642944

300
65423.0
541.0 766.0 1307.0 529.0 798.0 1327.0 294.0 925.0 1219.0 630.0 651.0 1281.0 512.0 883.0 1395.0 297.0 500.0 797.0 337.0 699.0 1036.0 572.0 645.0 1217.0 572.0 635.0 1207.0 146.0 373.0 519.0 62.0 963.0 1025.0 371.0 798.0 1169.0 721.0 742.0 1463.0 51.0 636.0 687.0 242.0 952.0 1194.0 248.0 501.0 749.0 506.0 823.0 1329.0 244.0 722.0 966.0 442.0 627.0 1069.0 216.0 457.0 673.0 418.0 670.0 1088.0 544.0 1083.0 1627.0 327.0 892.0 1219.0 656.0 754.0 1410.0 442.0 579.0 1021.0 144.0 1002.0 1146.0 332.0 1041.0 1373.0 366.0 827.0 1193.0 748.0 956.0 1704.0 527.0 705.0 1232.0 147.0 424.0 571.0 56.0 150.0 206.0 309.0 331.0 640.0 389.0 501.0 890.0 245.0 821.0 1066.0 190.0 275.0 465.0 235.0 796.0 1031.0 303.0 575.0 878.0 214.0 855.0 1069.0 467.0 751.0 1218.0 379.0 900.0 1279.0 521.0 996.0 1517.0 554.0 646.0 1200.0 338.0 482.0 820.0 294.0 586.0 880.0 746.0 761.0 1507.0 834.0 896.0 1730.0 163.0 191.0 354.0 624.0 879.0 1503.0 224.0 443.0 667.0 356.0 518.0 874.0 383.0 418.0 801.0 358.0 922.0 1280.0 279.0 842.0 1121.0 829.0 856.0 1685.0 137.0 249.0 386.0 647.0 934.0 1581.0 167.0 791.0 958.0 220.0 686.0 906.0 93.0 519.0 612.0 325.0 947.0 1272.0 372.0 654.0 1026.0 452.0 960.0 1412.0 39.0 493.0 532.0 265.0 588.0 853.0 121.0 605.0 726.0 74.0 758.0 832.0 207.0 643.0 850.0 110.0 461.0 571.0 441.0 580.0 1021.0 136.0 222.0 358.0 302.0 421.0 723.0 762.0 958.0 1720.0 174.0 296.0 470.0 602.0 636.0 1238.0 291.0 650.0 941.0 701.0 934.0 1635.0 353.0 907.0 1260.0 607.0 974.0 1581.0 297.0 405.0 702.0 279.0 402.0 681.0 720.0 742.0 1462.0 255.0 477.0 732.0 129.0 769.0 898.0 679.0 752.0 1431.0 608.0 638.0 1246.0 356.0 690.0 1046.0 312.0 581.0 893.0 626.0 824.0 1450.0 450.0 783.0 1233.0 392.0 571.0 963.0 208.0 629.0 837.0 281.0 886.0 1167.0 292.0 1014.0 1306.0 248.0 896.0 1144.0 664.0 843.0 1507.0 202.0 461.0 663.0 73.0 783.0 856.0 429.0 901.0 1330.0 608.0 810.0 1418.0
461.0 700.0 919.0 541.0 771.0 1169.0 273.0 829.0 1013.0 620.0 676.0 893.0 605.0 872.0 963.0 309.0 546.0 568.0 279.0 744.0 1002.0 478.0 715.0 730.0 535.0 719.0 1098.0 216.0 425.0 551.0 109.0 948.0 1014.0 353.0 821.0 936.0 706.0 833.0 1204.0 109.0 562.0 603.0 264.0 899.0 985.0 333.0 591.0 645.0 471.0 804.0 977.0 320.0 669.0 751.0 350.0 707.0 854.0 229.0 429.0 581.0 506.0 690.0 1163.0 575.0 994.0 1080.0 293.0 893.0 915.0 726.0 744.0 1292.0 456.0 569.0 969.0 110.0 907.0 989.0 322.0 950.0 1235.0 418.0 909.0 947.0 834.0 987.0 1791.0 507.0 703.0 1118.0 178.0 402.0 517.0 123.0 167.0 276.0 379.0 391.0 489.0 295.0 586.0 641.0 219.0 826.0 856.0 130.0 227.0 286.0 293.0 710.0 756.0 227.0 573.0 581.0 247.0 759.0 900.0 423.0 670.0 956.0 430.0 974.0 1149.0 492.0 963.0 1155.0 567.0 677.0 862.0 244.0 501.0 511.0 203.0 646.0 827.0 742.0 773.0 1237.0 897.0 967.0 1562.0 150.0 207.0 344.0 679.0 958.0 1085.0 196.0 447.0 474.0 434.0 458.0 738.0 382.0 434.0 726.0 439.0 978.0 1118.0 223.0 841.0 932.0 853.0 877.0 1374.0 137.0 340.0 353.0 549.0 982.0 1493.0 233.0 864.0 1027.0 249.0 772.0 975.0 105.0 590.0 592.0 269.0 916.0 993.0 454.0 560.0 925.0 417.0 885.0 1263.0 116.0 468.0 478.0 362.0 496.0 823.0 187.0 622.0 779.0 170.0 847.0 941.0 131.0 668.0 699.0 124.0 406.0 508.0 375.0 492.0 649.0 234.0 283.0 459.0 378.0 443.0 696.0 841.0 966.0 1510.0 240.0 309.0 365.0 673.0 729.0 974.0 288.0 619.0 748.0 674.0 844.0 1420.0 288.0 972.0 1247.0 527.0 912.0 1301.0 274.0 457.0 489.0 250.0 311.0 388.0 625.0 813.0 1028.0 348.0 535.0 798.0 173.0 858.0 899.0 729.0 815.0 1046.0 546.0 720.0 847.0 400.0 687.0 1023.0 365.0 494.0 687.0 563.0 749.0 833.0 388.0 837.0 1094.0 302.0 556.0 697.0 160.0 682.0 723.0 305.0 792.0 1075.0 254.0 966.0 1030.0 186.0 929.0 1068.0 659.0 853.0 1176.0 192.0 555.0 633.0 158.0 716.0 797.0 467.0 983.0 1448.0 643.0 899.0 971.0
[0. 0. 0. 0. 1. 0. 1. 0. 0. 1. 1. 0. 1. 0. 0. 0. 1. 0. 0. 1. 0. 0. 1. 0. 0. 1. 0. 1. 1. 1. 1. 0. 0. 0. 0. 0. 1. 1. 0. 1. 0. 0. 1. 1. 0. 1. 1. 0. 0. 1. 0. 1. 0. 0. 0. 1. 0. 1. 0. 0. 1. 0. 1. 1. 0. 0. 0. 0. 0. 1. 1. 0. 1. 1. 0. 0. 0. 0. 0. 0. 0. 1. 1. 0. 1. 1. 0. 0. 0. 0. 1. 0. 0. 1. 1. 1. 1. 1. 0. 0. 1. 0. 0. 1. 0. 0. 0. 0. 1. 0. 0. 0. 0. 0. 1. 0. 0. 0. 0. 0. 1. 1. 0. 0. 1. 0. 0. 0. 0. 0. 1. 0. 0. 1. 1. 1. 0. 0. 1. 1. 0. 0. 1. 1. 1. 1. 0. 0. 0. 0. 1. 0. 0. 0. 1. 0. 1. 0. 0. 0. 0. 0. 0. 0. 0. 1. 1. 0. 0. 0. 0. 1. 1. 0. 1. 1. 1. 1. 1. 0. 0. 1. 0. 1. 0. 0. 0. 0. 0. 1. 0. 0. 1. 0. 0. 1. 1. 1. 1. 1. 1. 0. 1. 0. 1. 0. 0. 0. 0. 0. 1. 1. 1. 1. 1. 0. 1. 1. 0. 1. 1. 0. 1. 1. 0. 0. 1. 0. 1. 0. 0. 0. 1. 1. 0. 0. 0. 0. 1. 0. 0. 0. 0. 0. 1. 0. 1. 1. 1. 1. 1. 0. 1. 1. 0. 0. 1. 0. 1. 1. 0. 1. 0. 0. 0. 0. 0. 0. 1. 0. 0. 1. 0. 0. 1. 0. 1. 0. 0. 0. 1. 0. 0. 0. 0. 1. 0. 0. 1. 1. 0. 1. 0. 0. 1. 1. 1. 1. 1. 0.]
71126.0
9.363033056259155

